-4.425191091008106
-3.3994587335698654
-3.3994587335698654
-8.019040754713638
-4.9116681949177305
-0.8639126849454453
-6.931471805599452
-3.3994587335698654
-6.712718916470582
-6.712718916470582
-4.9116681949177305
-6.500264226293147
-6.720697936111206
-4.9116681949177305
-3.3994587335698654
-4.425191091008106
-4.425191091008106
-4.425191091008106
-5.875495054471603
-5.855160462592883
-3.3994587335698663
-4.9116681949177305
-4.425191091008106
-5.724559600395878
-4.425191091008105
-5.875495054471603
-5.059030289632141
-6.712718916470582
-4.9116681949177305
-5.724559600395878
-5.855160462592883
-6.720697936111206
-4.91166819491773
-5.724559600395878
-5.855160462592883
-3.3994587335698654
-5.724559600395878
-6.500264226293147
-6.500264226293147
-4.9116681949177305
-5.855160462592883
-6.720697936111206
-4.425191091008106
-3.3994587335698654
-5.855160462592883
-3.3994587335698654
-6.500264226293147
-6.720697936111206
-6.720697936111206
-6.500264226293147
-6.931471805599452
-6.500264226293147
-6.931471805599452
-5.855160462592883
-7.883665840968816
-6.500264226293147
-5.059030289632141
-6.720697936111206
-5.855160462592883
-6.712718916470582
-7.883665840968816
-5.724559600395878
-6.931471805599452
-6.500264226293147
-5.059030289632142
-6.720697936111206
-4.425191091008106
-5.855160462592883
-7.216694489534196
-5.724559600395878
-4.91166819491773
-6.500264226293147
-5.724559600395878
-6.500264226293147
-6.712718916470582
-6.500264226293147
-6.500264226293147
-5.875495054471603
-6.931471805599452
-6.720697936111206
-6.500264226293147
-8.27368525217105
-8.32305760065436
-6.712718916470582
-5.059030289632141
-6.931471805599452
-6.500264226293147
-5.724559600395878
-6.720697936111206
-5.875495054471603
-7.883665840968816
-8.27368525217105
-7.883665840968816
-8.32305760065436
-8.019040754713638
-8.019040754713638
-7.883665840968816
-6.720697936111206
-6.500264226293147
-8.32305760065436
-8.27368525217105
-6.720697936111206
-6.931471805599452
-6.712718916470582
-6.931471805599452
-6.712718916470582
-6.720697936111206
-8.019040754713638
-6.500264226293147
-7.216694489534196
-8.019040754713638
-8.019040754713638
-6.720697936111206
-6.720697936111206
-6.720697936111206
-6.720697936111206
-7.883665840968816
-8.32305760065436
-8.32305760065436
-7.883665840968816
-8.32305760065436
-8.27368525217105
-8.019040754713638
-8.32305760065436
-8.019040754713638
-9.533295023453732
-8.32305760065436
-7.883665840968816
