-5.4923889753208295
-5.590964288889307
-5.8195608439425115
-5.126413663382566
-5.590964288889307
-5.5259475027387905
-5.4923889753208295
-5.650736159141204
-5.525947502738791
-5.5259475027387905
-5.4923889753208295
-5.27060404144327
-5.126413663382566
-5.4923889753208295
-5.4923889753208295
-5.631334437482914
-5.8463077501848275
-4.681264759534116
-5.631334437482914
-5.4923889753208295
-5.8195608439425115
-5.631334437482914
-5.355022549252077
-5.865709471843118
-5.590964288889308
-5.631334437482914
-5.590964288889307
-5.4923889753208295
-5.6171776317232425
-5.5327591239144365
-5.126413663382566
-5.590964288889307
-5.335620827593786
-5.8195608439425115
-5.126413663382566
-5.525947502738791
-5.631334437482914
-5.691106307734811
-5.590964288889307
-5.5259475027387905
-5.650736159141204
-5.27060404144327
-5.335620827593786
-5.872521093018763
-5.590964288889307
-5.631334437482914
-5.590964288889307
-5.5259475027387905
-5.5259475027387905
-5.590964288889307
-4.681264759534116
-5.590964288889307
-5.355022549252077
-5.5327591239144365
-5.335620827593786
-5.631334437482914
-5.872521093018763
-5.865709471843118
-5.270604041443271
-5.126413663382567
-6.067559120654007
-5.631334437482914
-5.590964288889307
-5.872521093018763
-5.590964288889307
-5.590964288889307
-5.335620827593786
-5.6171776317232425
-5.631334437482914
-5.8463077501848275
-5.8463077501848275
-5.631334437482914
-5.8463077501848275
-5.631334437482914
-5.126413663382566
-5.872521093018763
-5.691106307734811
-5.126413663382566
-5.126413663382566
-6.067559120654007
-5.631334437482914
-5.4923889753208295
-5.335620827593786
-5.27060404144327
-5.865709471843118
-5.27060404144327
-5.6171776317232425
-5.631334437482914
-5.650736159141204
-5.590964288889307
-5.590964288889307
-5.590964288889308
-5.27060404144327
-5.8195608439425115
-5.590964288889307
-5.27060404144327
-5.5327591239144365
-5.631334437482914
-5.8195608439425115
-5.27060404144327
-5.650736159141204
-5.872521093018763
-5.631334437482914
-5.6171776317232425
-5.650736159141204
-5.590964288889307
-5.631334437482914
-5.4923889753208295
-5.335620827593786
-5.650736159141204
-5.650736159141204
-5.335620827593786
-5.27060404144327
-5.355022549252077
-5.8195608439425115
-5.27060404144327
-5.865709471843118
-5.631334437482915
-5.590964288889307
-5.6171776317232425
-5.6171776317232425
-5.126413663382566
-5.631334437482914
-5.27060404144327
-5.590964288889307
-5.650736159141204
-5.335620827593786
-5.5259475027387905
-5.590964288889307
-5.631334437482914
-5.5259475027387905
-5.335620827593786
-5.126413663382566
-5.4923889753208295
-5.8463077501848275
-5.4923889753208295
-5.590964288889307
-5.6171776317232425
-5.335620827593786
-5.5327591239144365
-5.872521093018763
-5.590964288889307
-5.590964288889307
-5.492388975320829
-5.5259475027387905
-5.8195608439425115
-5.631334437482914
-5.650736159141204
-5.590964288889307
-5.335620827593786
-5.355022549252077
-5.631334437482914
-5.355022549252077
-5.865709471843118
-5.631334437482914
-5.8195608439425115
-5.872521093018763
-5.590964288889308
-5.27060404144327
-5.872521093018763
-5.650736159141204
-5.126413663382566
-5.126413663382566
-5.355022549252077
-5.631334437482914
-5.691106307734811
-5.5259475027387905
-5.8463077501848275
-5.335620827593786
-5.846307750184828
-5.6171776317232425
-5.335620827593786
-5.8195608439425115
-5.126413663382566
-5.126413663382566
-5.650736159141204
-5.8463077501848275
-5.5259475027387905
-5.650736159141204
-5.631334437482914
-5.631334437482914
-5.8195608439425115
-5.846307750184828
-5.6171776317232425
-5.6171776317232425
-5.5259475027387905
-5.846307750184828
-5.355022549252077
-5.6171776317232425
-5.691106307734811
-5.335620827593786
-5.872521093018763
-5.8195608439425115
-5.631334437482914
-5.872521093018763
-5.590964288889307
-5.8463077501848275
-5.8463077501848275
-5.335620827593786
-5.27060404144327
-5.27060404144327
-5.5259475027387905
-5.5259475027387905
-5.590964288889307
-5.872521093018763
-5.6171776317232425
-5.6171776317232425
-5.27060404144327
-5.872521093018763
-5.4923889753208295
-5.865709471843118
-5.872521093018763
-5.865709471843118
-5.631334437482914
-5.590964288889307
-5.8463077501848275
-5.355022549252077
-5.8195608439425115
-5.650736159141204
-5.5327591239144365
-5.8463077501848275
-5.5327591239144365
-5.650736159141204
-5.5259475027387905
-5.6171776317232425
-5.8195608439425115
-5.650736159141204
-5.4923889753208295
-5.5327591239144365
-5.126413663382566
-5.631334437482914
-5.8463077501848275
-5.4923889753208295
-5.872521093018763
-5.650736159141204
-5.872521093018763
-5.631334437482914
-5.631334437482914
-5.4923889753208295
-5.6171776317232425
-5.8195608439425115
-5.590964288889307
-5.631334437482914
-5.27060404144327
-5.8195608439425115
-5.8463077501848275
-5.631334437482914
-5.872521093018763
-5.865709471843118
-5.6171776317232425
-5.590964288889307
-5.335620827593786
-5.126413663382566
-5.8195608439425115
-5.5327591239144365
-5.590964288889307
